57119235
13812879
82911671
79404313
9132698
94339027
57346335
66130233
51254828
5631461
51347539
97314219
61568538
82571026
94867361
18583396
46819224
72211
78066234
95277351
75431564
96462441
3783436
85380841
24714313
28521617
61816794
49696961
48463637
95379795
43460065
95387239
67041445
23602056
42243808
91513168
64461208
3882292
58392192
68292102
60747604
36297114
32429210
84389606
71819348
40983428
75759931
49988450
18024252
48707004
77219344
45140223
64754942
6738906
34020489
91823079
19224208
21654954
55129266
5623083
47644025
31647675
67570967
90826667
99728066
68850180
57733924
76388476
5890738
57707035
54247676
41734107
93603259
38223016
66507077
13422880
23343889
97427842
80133902
71485860
69166236
82523026
56617967
14646470
67745245
12291923
25773525
43189687
10808221
95095751
77600688
69117970
59240204
91246491
91240213
36809469
19637742
73857517
93611715
86350108
8588486
71456382
55433933
66544044
38263672
60372337
72616772
52857529
1138990
28326651
90042690
40545284
89949001
13462468
60316782
49409405
59301860
77738911
94904450
3663603
96381007
64297164
86410519
46894579
35788413
44447666
54321621
58167436
34503234
27212983
90177312
93785837
3661258
18502007
1219390
72703238
29627818
44449033
53190764
12341490
30784618
48215582
5007061
8624264
75391942
43288409
25884681
30736541
34556301
70418281
90280901
46982368
90227934
79288557
31028175
56830412
26192259
87709543
27324350
82763748
3751403
77840399
3764970
74256452
93889782
63142752
71686193
16269927
43328176
36041525
77896077
51850273
47159047
31001919
42113253
41980929
94074861
26176226
35829313
19883519
91481157
26173637
61743994
39640306
46973635
74268707
87734243
74328152
6408339
63220563
12592289
78170078
48441560
22487377
75649908
84316684
11474600
8905575
73212862
54028910
57651202
38189549
51534017
31716619
88611699
49246305
37021526
84934095
53036464
94889550
83772283
